,Latitude,Longitude,index
0,42.506315585603616,-70.90761049117901,0
1,42.50635974922882,-70.90495632151313,1
2,42.50640385142324,-70.90230214588277,2
3,42.50644789218648,-70.89964796429622,3
4,42.506491871518165,-70.8969937767618,4
5,42.5065357894179,-70.89433958328777,5
6,42.506579645885324,-70.89168538388243,6
7,42.50662344092002,-70.88903117855405,7
8,42.506667174521624,-70.88637696731092,8
9,42.50671084668974,-70.88372275016134,9
10,42.506754457423995,-70.88106852711358,10
11,42.506798006724,-70.87841429817597,11
12,42.50827941116747,-70.90767022413857,12
13,42.50832357781145,-70.90501597148537,13
14,42.50836768302045,-70.90236171286699,14
15,42.508411726794094,-70.89970744829174,15
16,42.50845570913197,-70.89705317776789,16
17,42.50849963003372,-70.89439890130373,17
18,42.50854348949895,-70.89174461890758,18
19,42.508587287527256,-70.8890903305877,19
20,42.50863102411827,-70.88643603635238,20
21,42.50867469927162,-70.88378173620991,21
22,42.5087183129869,-70.88112743016858,22
23,42.50876186526373,-70.87847311823667,23
24,42.51024323598785,-70.90772996307162,24
25,42.5102874056508,-70.90507562742279,25
26,42.51033151387458,-70.9024212858081,26
27,42.510375560658794,-70.89976693823583,27
28,42.510419546003064,-70.89711258471428,28
29,42.510463469907,-70.89445822525173,29
30,42.51050733237022,-70.89180385985647,30
31,42.510551133392326,-70.8891494885368,31
32,42.510594872972945,-70.88649511130099,32
33,42.5106385511117,-70.88384072815735,33
34,42.51068216780819,-70.88118633911414,34
35,42.51072572306204,-70.87853194417968,35
36,42.51220706006474,-70.90778970797882,36
37,42.51225123274684,-70.9051352893261,37
38,42.512295343985585,-70.90248086470679,38
39,42.512339393780564,-70.89982643412922,39
40,42.512383382131404,-70.89717199760167,40
41,42.51242730903771,-70.89451755513244,41
42,42.512471174499105,-70.89186310672979,42
43,42.512514978515206,-70.88920865240203,43
44,42.51255872108561,-70.88655419215745,44
45,42.51260240220995,-70.88389972600434,45
46,42.51264602188784,-70.881245253951,46
47,42.512689580118895,-70.87859077600568,47
48,42.51417088339815,-70.9078494588609,48
49,42.5142150590996,-70.90519495719597,49
50,42.51425917335349,-70.90254044956379,50
51,42.51430322615942,-70.89988593597262,51
52,42.51434721751701,-70.89723141643078,52
53,42.51439114742589,-70.89457689094657,53
54,42.51443501588565,-70.89192235952824,54
55,42.51447882289591,-70.88926782218411,55
56,42.51452256845629,-70.88661327892247,56
57,42.514566252566404,-70.88395872975158,57
58,42.51460987522588,-70.88130417467978,58
59,42.514653436434315,-70.87864961371534,59
60,42.51613470598803,-70.90790921571852,60
61,42.51617888470901,-70.9052546310331,61
62,42.516223001978226,-70.90260004037974,62
63,42.5162670577953,-70.89994544376671,63
64,42.516311052159836,-70.89729084120229,64
65,42.51635498507145,-70.8946362326948,65
66,42.51639885652976,-70.8919816182525,66
67,42.51644266653438,-70.88932699788371,67
68,42.51648641508492,-70.88667237159672,68
69,42.516530102181,-70.8840177393998,69
70,42.516573727822234,-70.88136310130125,70
71,42.51661729200824,-70.87870845730937,71
72,42.51809852783439,-70.90796897855242,72
73,42.518142709575095,-70.90531431083824,73
74,42.518186829859836,-70.9026596371554,74
75,42.51823088868823,-70.90000495751218,75
76,42.5182748860599,-70.8973502719169,76
77,42.51831882197445,-70.89469558037783,77
78,42.518362696431495,-70.89204088290329,78
79,42.51840650943065,-70.88938617950153,79
80,42.518450260971534,-70.88673147018088,80
81,42.51849395105376,-70.88407675494963,81
82,42.51853757967694,-70.88142203381605,82
83,42.5185811468407,-70.87876730678846,83
84,42.52006234893724,-70.90802874736329,84
85,42.52010653369784,-70.90537399661203,85
86,42.52015065699829,-70.90271923989143,86
87,42.5201947188382,-70.90006447720974,87
88,42.520238719217176,-70.8974097085753,88
89,42.520282658134846,-70.89475493399638,89
90,42.52032653559081,-70.89210015348127,90
91,42.520370351584695,-70.88944536703828,91
92,42.52041410611611,-70.88679057467569,92
93,42.52045779918467,-70.88413577640179,93
94,42.52050143078999,-70.8814809722249,94
95,42.52054500093168,-70.87882616215329,95
96,42.522026169296524,-70.9080885221518,96
97,42.52207035707721,-70.90543368835519,97
98,42.52211448339355,-70.90277884858853,98
99,42.522158548245166,-70.9001240028601,99
100,42.52220255163164,-70.89746915117819,100
101,42.52224649355262,-70.89481429355112,101
102,42.522290374007696,-70.89215942998716,102
103,42.52233419299648,-70.88950456049463,103
104,42.52237795051861,-70.8868496850818,104
105,42.52242164657369,-70.88419480375698,105
106,42.52246528116133,-70.88153991652845,106
107,42.52250885428115,-70.87888502340454,107
108,42.52398998891224,-70.90814830291869,108
109,42.52403417971321,-70.90549338606841,109
110,42.524078309045635,-70.9028384632474,110
111,42.524122376909126,-70.9001835344639,111
112,42.524166383303296,-70.89752859972627,112
113,42.52421032822776,-70.89487365904274,113
114,42.524254211682134,-70.89221871242165,114
115,42.524298033666014,-70.88956375987128,115
116,42.52434179417905,-70.88690880139991,116
117,42.52438549322082,-70.88425383701588,117
118,42.52442913079097,-70.88159886672744,118
119,42.5244727068891,-70.87894389054291,119
120,42.5259538077844,-70.90820808966464,120
121,42.52599800160583,-70.90555308975242,121
122,42.52604213395452,-70.90289808386875,122
123,42.52608620483008,-70.90024307202192,123
124,42.526130214232126,-70.89758805422022,124
125,42.52617416216027,-70.89493303047196,125
126,42.52621804861412,-70.89227800078544,126
127,42.52626187359329,-70.88962296516893,127
128,42.526305637097394,-70.88696792363075,128
129,42.526349339126064,-70.88431287617918,129
130,42.526392979678896,-70.88165782282253,130
131,42.52643655875551,-70.8790027635691,131
132,42.52791762591297,-70.90826788239035,132
133,42.52796182275505,-70.90561279940789,133
134,42.52800595812021,-70.90295771045328,134
135,42.528050032008025,-70.9003026155348,135
136,42.52809404441813,-70.89764751466078,136
137,42.52813799535013,-70.89499240783945,137
138,42.528181884803644,-70.8923372950792,138
139,42.52822571277829,-70.88968217638826,139
140,42.52826947927366,-70.88702705177495,140
141,42.5283131842894,-70.88437192124758,141
142,42.52835682782511,-70.88171678481442,142
143,42.528400409880405,-70.87906164248379,143
